bb: 0.4272
ww: 0.36756
gg: 0.08549999999999999
e3e3: 0.06198
cc: 0.02718
zz: 0.02616
aa: 0.00242
az: 0.0017
e2e2: 0.0003
