bb: 0.5715994798439532
ww: 0.21544903471041313
gg: 0.0846704011203361
e3e3: 0.06137861358407522
cc: 0.026916274882464737
zz: 0.025906171851555464
aa: 0.002396518955686706
az: 0.0016835050515154545
e2e2: 0.01
inv: 0
